100
1 100000 6
72673 91518 9
9387 34279 1
22089 84074 8
19616 78711 7
25038 84079 9
25660 73539 5
55650 69173 4
10882 82712 8
40592 65540 6
38577 70598 7
51290 57710 6
3750 98137 3
9362 99325 8
28184 41813 6
18420 48269 0
6704 70825 7
21369 75078 3
63231 68269 3
36275 65747 8
60486 74755 7
2861 97594 2
40278 53575 4
11731 63266 0
45544 66845 3
97517 98259 7
31471 39502 9
10780 95443 1
24916 66391 5
24693 56159 2
44611 83687 5
28472 67452 6
58637 65458 0
46064 71469 3
7832 18246 8
50537 63722 5
18184 46682 3
1113 96468 6
2815 50932 0
53171 95939 9
28807 65332 2
53092 68828 4
31110 54965 3
21195 52615 3
39177 98949 3
4373 59548 2
42410 48167 0
17490 83908 8
65831 83567 1
28423 90784 4
41743 94175 5
3889 57324 8
8356 20233 3
11346 75524 3
49104 72130 5
44567 83772 6
3517 39970 7
25378 74612 9
8170 74334 3
27431 30689 1
6835 64302 6
84487 97481 5
88442 95706 5
58011 93404 6
8292 41130 3
20475 47006 3
11260 23327 2
42930 73281 2
2410 2487 1
49093 62598 8
63756 72772 0
37537 79082 4
6536 61344 2
45158 61894 9
39469 49554 1
3345 60998 2
15118 86588 5
63511 85447 9
23865 96442 8
27962 45754 9
40505 91801 8
19082 63034 0
65098 81558 8
2704 67674 7
38472 68264 7
23336 33570 6
39507 55687 3
14578 98983 2
15657 28459 4
41769 75286 7
13238 71574 2
9731 46005 4
16308 56771 5
42395 75892 7
80636 94845 2
63517 77827 5
55351 97481 9
30507 58809 2
6592 28697 4
32708 84424 8
