184764
286929
237282
721007
538096
250515
445067
505566
233126
45123
854578
194248
344843
219951
1211295
710144
525366
347146
610139
379257
317724
30256
423041
899573
144068
466593
544324
71221
364145
348781
308092
343414
820239
614628
265794
428927
984954
625510
238874
369889
672119
386743
307716
351070
364974
465716
372913
360840
505895
309170
520577
177504
522990
431052
482648
332115
399149
621954
229950
327390
396069
405462
261010
161819
231776
597018
337833
671613
666244
936931
621843
608292
204820
521812
498645
317044
606613
317005
500734
632739
636046
430930
1105003
444883
448303
1274801
405454
326918
704801
1313224
221100
97141
361642
365405
304507
248521
536180
174358
211291
227841
-10000
